0 1.50968e+07
1 84812.9
2 2.4072e+06
3 1.29539e+06
4 310109
5 108800
6 5.27609e+06
7 2.92428e+06
8 2.51179e+06
9 2.33281e+06
10 82325.2
11 601423
12 250216
13 1.56935e+06
14 3.55883e+06
15 1.32866e+06
16 1.47745e+06
17 542472
18 987742
19 1.35127e+06
20 233270
21 2.92871e+06
22 5.75918e+06
23 3.47446e+06
24 2.1458e+06
25 1.80389e+06
26 4.6146e+06
27 2.68046e+06
28 546681
29 2.11741e+06
30 740716
31 2.6333e+06
32 453276
33 4.07248e+06
34 1.59338e+06
35 4.4097e+06
36 1.72612e+06
37 628916
38 513401
39 1.53056e+07
40 1.09882e+06
41 987574
42 606998
43 2.75719e+06
44 690011
45 1.12413e+06

real	4m24.075s
user	34m59.370s
sys	0m10.395s

